20070101 12.6236
20070102 12.6080
20070102 12.6078
20070102 12.6076
20070103 12.5921
20070103 12.5919
20070103 12.5916
20070104 12.5762
20070104 12.5759
20070104 12.5757
20070105 12.5603
20070105 12.5600
20070105 12.5598
20070106 12.5445
20070106 12.5443
20070106 12.5441
20070107 12.5288
20070107 12.5286
20070107 12.5284
20070108 12.5133
20070108 12.5131
20070108 12.5129
20070109 12.4979
20070109 12.4977
20070109 12.4974
20070110 12.4825
20070110 12.4823
20070110 12.4821
20070111 12.4673
20070111 12.4671
20070111 12.4669
20070112 12.4522
20070112 12.4520
20070112 12.4518
20070113 12.4372
20070113 12.4370
20070113 12.4368
20070114 12.4223
20070114 12.4221
20070114 12.4219
20070115 12.4076
20070115 12.4074
20070115 12.4071
20070116 12.3929
20070116 12.3927
20070116 12.3925
20070117 12.3783
20070117 12.3781
20070117 12.3779
20070118 12.3638
20070118 12.3636
20070118 12.3634
20070119 12.3493
20070119 12.3491
20070119 12.3489
20070120 12.3350
20070120 12.3348
20070120 12.3346
20070121 12.3207
20070121 12.3205
20070121 12.3203
20070122 12.3065
20070122 12.3063
20070122 12.3061
20070123 12.2924
20070123 12.2922
20070123 12.2920
20070124 12.2783
20070124 12.2781
20070124 12.2779
20070125 12.2643
20070125 12.2641
20070125 12.2639
20070126 12.2503
20070126 12.2501
20070126 12.2499
20070127 12.2363
20070127 12.2361
20070127 12.2359
20070128 12.2224
20070128 12.2222
20070128 12.2220
20070129 12.2086
20070129 12.2084
20070129 12.2082
20070130 12.1950
20070130 12.1948
20070130 12.1946
20070131 12.1815
20070131 12.1813
20070131 12.1811
20070201 12.1681
20070201 12.1679
20070201 12.1677
20070202 12.1547
20070202 12.1546
20070202 12.1544
20070203 12.1413
20070203 12.1412
20070203 12.1410
20070204 12.1279
20070204 12.1277
20070204 12.1275
20070205 12.1145
20070205 12.1143
20070205 12.1141
20070206 12.1011
20070206 12.1009
20070206 12.1007
20070207 12.0878
20070207 12.0876
20070207 12.0874
20070208 12.0745
20070208 12.0743
20070208 12.0741
20070209 12.0613
20070209 12.0612
20070209 12.0610
20070210 12.0482
20070210 12.0481
20070210 12.0479
20070211 12.0352
20070211 12.0350
20070211 12.0349
20070212 12.0223
20070212 12.0221
20070212 12.0219
20070213 12.0094
20070213 12.0092
20070213 12.0090
20070214 11.9965
20070214 11.9964
20070214 11.9962
20070215 11.9838
20070215 11.9836
20070215 11.9834
20070216 11.9710
20070216 11.9708
20070216 11.9707
20070217 11.9584
20070217 11.9582
20070217 11.9580
20070218 11.9457
20070218 11.9456
20070218 11.9454
20070219 11.9332
20070219 11.9330
20070219 11.9328
20070220 11.9207
20070220 11.9205
20070220 11.9203
20070221 11.9082
20070221 11.9080
20070221 11.9078
20070222 11.8957
20070222 11.8956
20070222 11.8954
20070223 11.8833
20070223 11.8831
20070223 11.8829
20070224 11.8708
20070224 11.8706
20070224 11.8704
20070225 11.8582
20070225 11.8581
20070225 11.8579
20070226 11.8457
20070226 11.8455
20070226 11.8453
20070227 11.8330
20070227 11.8328
20070227 11.8327
20070228 11.8203
20070228 11.8201
20070228 11.8199
20070301 11.8075
20070301 11.8074
20070301 11.8072
20070302 11.7947
20070302 11.7946
20070302 11.7944
20070303 11.7819
20070303 11.7817
20070303 11.7815
20070304 11.7690
20070304 11.7688
20070304 11.7686
20070305 11.7560
20070305 11.7559
20070305 11.7557
20070306 11.7430
20070306 11.7428
20070306 11.7427
20070307 11.7299
20070307 11.7297
20070307 11.7295
20070308 11.7167
20070308 11.7165
20070308 11.7163
20070309 11.7033
20070309 11.7031
20070309 11.7030
20070310 11.6899
20070310 11.6897
20070310 11.6895
20070311 11.6763
20070311 11.6761
20070311 11.6759
20070312 11.6627
20070312 11.6625
20070312 11.6623
20070313 11.6490
20070313 11.6488
20070313 11.6486
20070314 11.6352
20070314 11.6350
20070314 11.6349
20070315 11.6214
20070315 11.6212
20070315 11.6210
20070316 11.6075
20070316 11.6074
20070316 11.6072
20070317 11.5936
20070317 11.5934
20070317 11.5932
20070318 11.5796
20070318 11.5794
20070318 11.5792
20070319 11.5656
20070319 11.5654
20070319 11.5652
20070320 11.5514
20070320 11.5512
20070320 11.5510
20070321 11.5373
20070321 11.5371
20070321 11.5369
20070322 11.5230
20070322 11.5228
20070322 11.5226
20070323 11.5087
20070323 11.5085
20070323 11.5083
20070324 11.4943
20070324 11.4941
20070324 11.4939
20070325 11.4799
20070325 11.4797
20070325 11.4795
20070326 11.4654
20070326 11.4652
20070326 11.4650
20070327 11.4508
20070327 11.4506
20070327 11.4504
20070328 11.4362
20070328 11.4360
20070328 11.4358
20070329 11.4215
20070329 11.4212
20070329 11.4210
20070330 11.4067
20070330 11.4065
20070330 11.4062
20070331 11.3918
20070331 11.3916
20070331 11.3914
20070401 11.3769
20070401 11.3767
20070401 11.3765
20070402 11.3619
20070402 11.3617
20070402 11.3615
20070403 11.3468
20070403 11.3466
20070403 11.3464
20070404 11.3317
20070404 11.3315
20070404 11.3312
20070405 11.3165
20070405 11.3163
20070405 11.3160
20070406 11.3012
20070406 11.3010
20070406 11.3008
20070407 11.2859
20070407 11.2857
20070407 11.2854
20070408 11.2705
20070408 11.2703
20070408 11.2700
20070409 11.2550
20070409 11.2548
20070409 11.2546
20070410 11.2394
20070410 11.2392
20070410 11.2390
20070411 11.2238
20070411 11.2236
20070411 11.2233
20070412 11.2080
20070412 11.2078
20070412 11.2076
20070413 11.1922
20070413 11.1919
20070413 11.1917
20070414 11.1762
20070414 11.1760
20070414 11.1757
20070415 11.1601
20070415 11.1598
20070415 11.1596
20070416 11.1438
20070416 11.1436
20070416 11.1433
20070417 11.1273
20070417 11.1271
20070417 11.1268
20070418 11.1106
20070418 11.1104
20070418 11.1101
20070419 11.0936
20070419 11.0934
20070419 11.0931
20070420 11.0763
20070420 11.0760
20070420 11.0758
20070421 11.0585
20070421 11.0583
20070421 11.0580
20070422 11.0403
20070422 11.0401
20070422 11.0398
20070423 11.0215
20070423 11.0213
20070423 11.0210
20070424 11.0020
20070424 11.0017
20070424 11.0014
20070425 10.9816
20070425 10.9813
20070425 10.9810
20070426 10.9602
20070426 10.9599
20070426 10.9596
20070427 10.9373
20070427 10.9370
20070427 10.9366
20070428 10.9120
20070428 10.9116
20070428 10.9112
20070429 10.8839
20070429 10.8835
20070429 10.8831
20070430 10.8533
20070430 10.8528
20070430 10.8524
20070501 10.8200
20070501 10.8195
20070501 10.8190
20070502 10.7842
20070502 10.7837
20070502 10.7832
20070503 10.7460
20070503 10.7454
20070503 10.7448
20070504 10.7052
20070504 10.7046
20070504 10.7040
20070505 10.6621
20070505 10.6614
20070505 10.6608
20070506 10.6165
20070506 10.6159
20070506 10.6152
20070507 10.5687
20070507 10.5680
20070507 10.5673
20070508 10.5186
20070508 10.5179
20070508 10.5172
20070509 10.4664
20070509 10.4656
20070509 10.4648
20070510 10.4119
20070510 10.4111
20070510 10.4104
20070511 10.3554
20070511 10.3546
20070511 10.3538
20070512 10.2969
20070512 10.2960
20070512 10.2952
20070513 10.2364
20070513 10.2355
20070513 10.2347
20070514 10.1740
20070514 10.1731
20070514 10.1722
20070515 10.1098
20070515 10.1089
20070515 10.1080
20070516 10.0439
20070516 10.0429
20070516 10.0420
20070517  9.9762
20070517  9.9752
20070517  9.9743
20070518  9.9069
20070518  9.9059
20070518  9.9049
20070519  9.8360
20070519  9.8350
20070519  9.8340
20070520  9.7636
20070520  9.7625
20070520  9.7615
20070521  9.6897
20070521  9.6887
20070521  9.6876
20070522  9.6145
20070522  9.6134
20070522  9.6123
20070523  9.5379
20070523  9.5368
20070523  9.5357
20070524  9.4601
20070524  9.4590
20070524  9.4579
20070525  9.3810
20070525  9.3799
20070525  9.3788
20070526  9.3009
20070526  9.2997
20070526  9.2986
20070527  9.2197
20070527  9.2185
20070527  9.2174
20070528  9.1374
20070528  9.1363
20070528  9.1351
20070529  9.0543
20070529  9.0531
20070529  9.0520
20070530  8.9703
20070530  8.9691
20070530  8.9679
20070531  8.8855
20070531  8.8843
20070531  8.8831
20070601  8.8000
20070601  8.7988
20070601  8.7976
20070602  8.7138
20070602  8.7126
20070602  8.7114
20070603  8.6271
20070603  8.6259
20070603  8.6247
20070604  8.5398
20070604  8.5386
20070604  8.5374
20070605  8.4521
20070605  8.4509
20070605  8.4497
20070606  8.3640
20070606  8.3628
20070606  8.3615
20070607  8.2756
20070607  8.2744
20070607  8.2731
20070608  8.1869
20070608  8.1857
20070608  8.1845
20070609  8.0981
20070609  8.0969
20070609  8.0956
20070610  8.0092
20070610  8.0079
20070610  8.0067
20070611  7.9202
20070611  7.9189
20070611  7.9177
20070612  7.8312
20070612  7.8300
20070612  7.8287
20070613  7.7423
20070613  7.7411
20070613  7.7399
20070614  7.6536
20070614  7.6524
20070614  7.6511
20070615  7.5651
20070615  7.5639
20070615  7.5626
20070616  7.4769
20070616  7.4756
20070616  7.4744
20070617  7.3890
20070617  7.3878
20070617  7.3865
20070618  7.3015
20070618  7.3003
20070618  7.2991
20070619  7.2144
20070619  7.2132
20070619  7.2120
20070620  7.1279
20070620  7.1267
20070620  7.1255
20070621  7.0420
20070621  7.0408
20070621  7.0396
20070622  6.9567
20070622  6.9555
20070622  6.9543
20070623  6.8721
20070623  6.8709
20070623  6.8697
20070624  6.7882
20070624  6.7870
20070624  6.7859
20070625  6.7051
20070625  6.7040
20070625  6.7028
20070626  6.6229
20070626  6.6217
20070626  6.6206
20070627  6.5415
20070627  6.5404
20070627  6.5393
20070628  6.4611
20070628  6.4600
20070628  6.4589
20070629  6.3817
20070629  6.3806
20070629  6.3795
20070630  6.3033
20070630  6.3022
20070630  6.3011
20070701  6.2260
20070701  6.2249
20070701  6.2239
20070702  6.1498
20070702  6.1487
20070702  6.1477
20070703  6.0747
20070703  6.0737
20070703  6.0727
20070704  6.0009
20070704  5.9998
20070704  5.9988
20070705  5.9282
20070705  5.9272
20070705  5.9262
20070706  5.8568
20070706  5.8559
20070706  5.8549
20070707  5.7867
20070707  5.7858
20070707  5.7848
20070708  5.7179
20070708  5.7170
20070708  5.7161
20070709  5.6505
20070709  5.6496
20070709  5.6487
20070710  5.5844
20070710  5.5835
20070710  5.5826
20070711  5.5198
20070711  5.5189
20070711  5.5180
20070712  5.4565
20070712  5.4557
20070712  5.4548
20070713  5.3947
20070713  5.3939
20070713  5.3930
20070714  5.3344
20070714  5.3335
20070714  5.3327
20070715  5.2755
20070715  5.2747
20070715  5.2739
20070716  5.2181
20070716  5.2173
20070716  5.2165
20070717  5.1622
20070717  5.1614
20070717  5.1607
20070718  5.1078
20070718  5.1071
20070718  5.1063
20070719  5.0549
20070719  5.0542
20070719  5.0535
20070720  5.0036
20070720  5.0029
20070720  5.0022
20070721  4.9538
20070721  4.9531
20070721  4.9524
20070722  4.9055
20070722  4.9049
20070722  4.9042
20070723  4.8588
20070723  4.8582
20070723  4.8575
20070724  4.8136
20070724  4.8130
20070724  4.8124
20070725  4.7700
20070725  4.7694
20070725  4.7688
20070726  4.7278
20070726  4.7273
20070726  4.7267
20070727  4.6872
20070727  4.6867
20070727  4.6862
20070728  4.6482
20070728  4.6477
20070728  4.6471
20070729  4.6106
20070729  4.6101
20070729  4.6096
20070730  4.5746
20070730  4.5741
20070730  4.5736
20070731  4.5400
20070731  4.5396
20070731  4.5391
20070801  4.5070
20070801  4.5066
20070801  4.5061
20070802  4.4754
20070802  4.4750
20070802  4.4746
20070803  4.4453
20070803  4.4449
20070803  4.4445
20070804  4.4166
20070804  4.4163
20070804  4.4159
20070805  4.3894
20070805  4.3891
20070805  4.3887
20070806  4.3636
20070806  4.3633
20070806  4.3629
20070807  4.3392
20070807  4.3389
20070807  4.3386
20070808  4.3162
20070808  4.3159
20070808  4.3156
20070809  4.2946
20070809  4.2943
20070809  4.2940
20070810  4.2743
20070810  4.2741
20070810  4.2738
20070811  4.2554
20070811  4.2551
20070811  4.2549
20070812  4.2378
20070812  4.2376
20070812  4.2373
20070813  4.2215
20070813  4.2213
20070813  4.2211
20070814  4.2065
20070814  4.2063
20070814  4.2061
20070815  4.1927
20070815  4.1925
20070815  4.1924
20070816  4.1802
20070816  4.1801
20070816  4.1799
20070817  4.1689
20070817  4.1688
20070817  4.1686
20070818  4.1587
20070818  4.1586
20070818  4.1585
20070819  4.1497
20070819  4.1496
20070819  4.1495
20070820  4.1417
20070820  4.1416
20070820  4.1415
20070821  4.1345
20070821  4.1344
20070821  4.1343
20070822  4.1280
20070822  4.1279
20070822  4.1278
20070823  4.1222
20070823  4.1221
20070823  4.1220
20070824  4.1168
20070824  4.1168
20070824  4.1167
20070825  4.1120
20070825  4.1119
20070825  4.1118
20070826  4.1074
20070826  4.1074
20070826  4.1073
20070827  4.1032
20070827  4.1032
20070827  4.1031
20070828  4.0992
20070828  4.0992
20070828  4.0991
20070829  4.0954
20070829  4.0954
20070829  4.0953
20070830  4.0918
20070830  4.0918
20070830  4.0917
20070831  4.0883
20070831  4.0882
20070831  4.0882
20070901  4.0849
20070901  4.0848
20070901  4.0848
20070902  4.0816
20070902  4.0815
20070902  4.0815
20070903  4.0784
20070903  4.0783
20070903  4.0783
20070904  4.0753
20070904  4.0752
20070904  4.0752
20070905  4.0722
20070905  4.0722
20070905  4.0721
20070906  4.0693
20070906  4.0692
20070906  4.0692
20070907  4.0664
20070907  4.0664
20070907  4.0663
20070908  4.0636
20070908  4.0636
20070908  4.0635
20070909  4.0609
20070909  4.0608
20070909  4.0608
20070910  4.0582
20070910  4.0582
20070910  4.0582
20070911  4.0556
20070911  4.0556
20070911  4.0556
20070912  4.0531
20070912  4.0531
20070912  4.0531
20070913  4.0507
20070913  4.0507
20070913  4.0506
20070914  4.0483
20070914  4.0483
20070914  4.0482
20070915  4.0460
20070915  4.0460
20070915  4.0459
20070916  4.0437
20070916  4.0437
20070916  4.0437
20070917  4.0415
20070917  4.0415
20070917  4.0415
20070918  4.0394
20070918  4.0394
20070918  4.0393
20070919  4.0373
20070919  4.0373
20070919  4.0373
20070920  4.0353
20070920  4.0352
20070920  4.0352
20070921  4.0333
20070921  4.0333
20070921  4.0332
20070922  4.0314
20070922  4.0313
20070922  4.0313
20070923  4.0295
20070923  4.0294
20070923  4.0294
20070924  4.0276
20070924  4.0276
20070924  4.0276
20070925  4.0258
20070925  4.0258
20070925  4.0258
20070926  4.0241
20070926  4.0241
20070926  4.0241
20070927  4.0224
20070927  4.0224
20070927  4.0223
20070928  4.0207
20070928  4.0207
20070928  4.0207
20070929  4.0191
20070929  4.0191
20070929  4.0191
20070930  4.0175
20070930  4.0175
20070930  4.0175
20071001  4.0160
20071001  4.0160
20071001  4.0159
20071002  4.0145
20071002  4.0144
20071002  4.0144
20071003  4.0130
20071003  4.0130
20071003  4.0129
20071004  4.0115
20071004  4.0115
20071004  4.0115
20071005  4.0101
20071005  4.0101
20071005  4.0101
20071006  4.0087
20071006  4.0087
20071006  4.0087
20071007  4.0074
20071007  4.0073
20071007  4.0073
20071008  4.0060
20071008  4.0060
20071008  4.0060
20071009  4.0047
20071009  4.0047
20071009  4.0047
20071010  4.0034
20071010  4.0034
20071010  4.0034
20071011  4.0022
20071011  4.0022
20071011  4.0021
20071012  4.0009
20071012  4.0009
20071012  4.0009
20071013  3.9997
20071013  3.9997
20071013  3.9997
20071014  3.9985
20071014  3.9985
20071014  3.9985
20071015  3.9973
20071015  3.9973
20071015  3.9973
20071016  3.9962
20071016  3.9962
20071016  3.9961
20071017  3.9950
20071017  3.9950
20071017  3.9950
20071018  3.9939
20071018  3.9939
20071018  3.9939
20071019  3.9928
20071019  3.9928
20071019  3.9928
20071020  3.9917
20071020  3.9917
20071020  3.9917
20071021  3.9906
20071021  3.9906
20071021  3.9906
20071022  3.9895
20071022  3.9895
20071022  3.9895
20071023  3.9885
20071023  3.9885
20071023  3.9885
20071024  3.9874
20071024  3.9874
20071024  3.9874
20071025  3.9864
20071025  3.9864
20071025  3.9864
20071026  3.9854
20071026  3.9854
20071026  3.9854
20071027  3.9844
20071027  3.9843
20071027  3.9843
20071028  3.9834
20071028  3.9833
20071028  3.9833
20071029  3.9824
20071029  3.9823
20071029  3.9823
20071030  3.9814
20071030  3.9814
20071030  3.9813
20071031  3.9804
20071031  3.9804
20071031  3.9804
20071101  3.9794
20071101  3.9794
20071101  3.9794
20071102  3.9784
20071102  3.9784
20071102  3.9784
20071103  3.9775
20071103  3.9775
20071103  3.9775
20071104  3.9765
20071104  3.9765
20071104  3.9765
20071105  3.9756
20071105  3.9756
20071105  3.9756
20071106  3.9746
20071106  3.9746
20071106  3.9746
20071107  3.9737
20071107  3.9737
20071107  3.9737
20071108  3.9728
20071108  3.9728
20071108  3.9728
20071109  3.9719
20071109  3.9719
20071109  3.9718
20071110  3.9710
20071110  3.9709
20071110  3.9709
20071111  3.9701
20071111  3.9700
20071111  3.9700
20071112  3.9692
20071112  3.9691
20071112  3.9691
20071113  3.9683
20071113  3.9683
20071113  3.9683
20071114  3.9674
20071114  3.9674
20071114  3.9674
20071115  3.9665
20071115  3.9665
20071115  3.9665
20071116  3.9657
20071116  3.9657
20071116  3.9656
20071117  3.9648
20071117  3.9648
20071117  3.9648
20071118  3.9640
20071118  3.9640
20071118  3.9639
20071119  3.9631
20071119  3.9631
20071119  3.9631
20071120  3.9623
20071120  3.9623
20071120  3.9623
20071121  3.9615
20071121  3.9615
20071121  3.9615
20071122  3.9607
20071122  3.9607
20071122  3.9607
20071123  3.9599
20071123  3.9599
20071123  3.9599
20071124  3.9591
20071124  3.9591
20071124  3.9591
20071125  3.9583
20071125  3.9583
20071125  3.9583
20071126  3.9576
20071126  3.9576
20071126  3.9576
20071127  3.9568
20071127  3.9568
20071127  3.9568
20071128  3.9561
20071128  3.9561
20071128  3.9561
20071129  3.9554
20071129  3.9554
20071129  3.9554
20071130  3.9547
20071130  3.9546
20071130  3.9546
20071201  3.9540
20071201  3.9539
20071201  3.9539
20071202  3.9533
20071202  3.9533
20071202  3.9532
20071203  3.9526
20071203  3.9526
20071203  3.9526
20071204  3.9519
20071204  3.9519
20071204  3.9519
20071205  3.9513
20071205  3.9513
20071205  3.9513
20071206  3.9506
20071206  3.9506
20071206  3.9506
20071207  3.9500
20071207  3.9500
20071207  3.9500
20071208  3.9494
20071208  3.9494
20071208  3.9494
20071209  3.9488
20071209  3.9488
20071209  3.9488
20071210  3.9482
20071210  3.9482
20071210  3.9482
20071211  3.9477
20071211  3.9477
20071211  3.9477
20071212  3.9471
20071212  3.9471
20071212  3.9471
20071213  3.9466
20071213  3.9466
20071213  3.9466
20071214  3.9461
20071214  3.9461
20071214  3.9461
20071215  3.9456
20071215  3.9456
20071215  3.9456
20071216  3.9451
20071216  3.9451
20071216  3.9451
20071217  3.9446
20071217  3.9446
20071217  3.9446
20071218  3.9442
20071218  3.9442
20071218  3.9442
20071219  3.9438
20071219  3.9438
20071219  3.9437
20071220  3.9433
20071220  3.9433
20071220  3.9433
20071221  3.9430
20071221  3.9429
20071221  3.9429
20071222  3.9426
20071222  3.9426
20071222  3.9426
20071223  3.9422
20071223  3.9422
20071223  3.9422
20071224  3.9419
20071224  3.9419
20071224  3.9419
20071225  3.9416
20071225  3.9416
20071225  3.9415
20071226  3.9413
20071226  3.9413
20071226  3.9412
20071227  3.9410
20071227  3.9410
20071227  3.9410
20071228  3.9407
20071228  3.9407
20071228  3.9407
20071229  3.9405
20071229  3.9405
20071229  3.9405
20071230  3.9402
20071230  3.9402
20071230  3.9402
20071231  3.9400
20071231  3.9400
20071231  3.9400
20080101  3.9399
